train_kt_acc_single: 0.989743709564209 , train_kt_acc_every: 0.7706005573272705
train_kt_acc_right: 0.9874870181083679 , train_kt_acc_wrong: 0.9844754338264465
test_kt_acc_single: 0.9840424656867981 , test_kt_acc_every: 0.6716772317886353
test_kt_acc_right: 0.9800505638122559 , test_kt_acc_wrong: 0.9775320887565613

train_kt_acc_single: [0.9513682126998901, 0.9625025987625122, 0.969322144985199, 0.9701949954032898, 0.9712401628494263, 0.9720774292945862, 0.9721248149871826, 0.9758756160736084, 0.9797703623771667, 0.9815872311592102, 0.9814767837524414, 0.9810434579849243, 0.985956609249115, 0.9843757748603821, 0.9847490787506104, 0.985903799533844, 0.9864403009414673, 0.9854661226272583, 0.9865209460258484, 0.9894438982009888, 0.9879834055900574, 0.9868849515914917, 0.9891573190689087, 0.9908978939056396, 0.989743709564209]
train_kt_acc_every: [0.34148043394088745, 0.42004188895225525, 0.4846368730068207, 0.49650838971138, 0.5073323845863342, 0.5118715167045593, 0.5076815485954285, 0.568086564540863, 0.6113826632499695, 0.6361731886863708, 0.630586564540863, 0.6309357285499573, 0.6997206807136536, 0.6759776473045349, 0.6871508359909058, 0.6962290406227112, 0.7119413614273071, 0.6955307126045227, 0.707402229309082, 0.7660614252090454, 0.7391759753227234, 0.7227653861045837, 0.7566340565681458, 0.7887569665908813, 0.7706005573272705]
train_kt_acc_right: [0.9587188959121704, 0.9661211967468262, 0.9744907021522522, 0.968848705291748, 0.9750867486000061, 0.9679935574531555, 0.968940258026123, 0.977141797542572, 0.9775925278663635, 0.9815560579299927, 0.9801061749458313, 0.9817835688591003, 0.9865280389785767, 0.9861000180244446, 0.9872645139694214, 0.9851080179214478, 0.9855701923370361, 0.983076274394989, 0.9890810251235962, 0.9896076321601868, 0.9873554706573486, 0.9898989200592041, 0.98594731092453, 0.9899131655693054, 0.9874870181083679]
train_kt_acc_wrong: [0.8959156274795532, 0.922147274017334, 0.9327002763748169, 0.9452182054519653, 0.9405355453491211, 0.9530291557312012, 0.9539209008216858, 0.9518323540687561, 0.9643088579177856, 0.9648871421813965, 0.9661779999732971, 0.9627138376235962, 0.9723049402236938, 0.9659996032714844, 0.9666382074356079, 0.9744377136230469, 0.9754935503005981, 0.9758028984069824, 0.9685966372489929, 0.980555534362793, 0.977708101272583, 0.9696514010429382, 0.9859620928764343, 0.9851149916648865, 0.9844754338264465]
test_kt_acc_single: [0.9505466222763062, 0.9615699648857117, 0.9675183892250061, 0.9675467014312744, 0.9691398739814758, 0.9698154330253601, 0.9681605100631714, 0.9732536673545837, 0.9762455224990845, 0.9776223301887512, 0.9769802093505859, 0.9760017991065979, 0.9815826416015625, 0.9796857237815857, 0.9802265167236328, 0.9808186292648315, 0.9813761711120605, 0.979707658290863, 0.9816362261772156, 0.9837789535522461, 0.9822127819061279, 0.9819791913032532, 0.9831969141960144, 0.9851226806640625, 0.9840424656867981]
test_kt_acc_every: [0.3346518874168396, 0.4026898741722107, 0.4667721390724182, 0.4723101258277893, 0.48655062913894653, 0.48655062913894653, 0.45886075496673584, 0.5308544039726257, 0.5688291192054749, 0.5893987417221069, 0.5751582384109497, 0.5640822649002075, 0.6329113841056824, 0.6123417615890503, 0.6147152185440063, 0.6234177350997925, 0.625, 0.6083860993385315, 0.6329113841056824, 0.6716772317886353, 0.6376582384109497, 0.6408227682113647, 0.6471518874168396, 0.6938291192054749, 0.6716772317886353]
test_kt_acc_right: [0.9587586522102356, 0.9665616154670715, 0.9733925461769104, 0.966579020023346, 0.9740935564041138, 0.9668827056884766, 0.964170515537262, 0.9759088158607483, 0.9748415350914001, 0.9788987636566162, 0.976325511932373, 0.9759501218795776, 0.9827384352684021, 0.9817349314689636, 0.9833716750144958, 0.9815256595611572, 0.98119056224823, 0.9767348170280457, 0.9839651584625244, 0.9840621948242188, 0.9816141128540039, 0.9859856963157654, 0.978671669960022, 0.9834499359130859, 0.9800505638122559]
test_kt_acc_wrong: [0.8908049464225769, 0.9176164269447327, 0.9303650856018066, 0.9413888454437256, 0.9352863430976868, 0.9493699669837952, 0.94710773229599, 0.9426245093345642, 0.9561583995819092, 0.9579052329063416, 0.9581079483032227, 0.9548670053482056, 0.9619805216789246, 0.9590803980827332, 0.9580034613609314, 0.9639320969581604, 0.965499997138977, 0.9671078324317932, 0.9593890309333801, 0.9695184230804443, 0.967746376991272, 0.9596884846687317, 0.9762307405471802, 0.9754669666290283, 0.9775320887565613]
