train_kt_acc_single: 0.9901648590018629 , train_kt_acc_every: 0.7800279329608939
train_kt_acc_right: 0.9904128356352865 , train_kt_acc_wrong: 0.980104830344962
test_kt_acc_single: 0.9844162969649592 , test_kt_acc_every: 0.6795886075949367
test_kt_acc_right: 0.9853757868839216 , test_kt_acc_wrong: 0.9701401636570315

train_kt_acc_single: [0.935478684955469, 0.9611280214187153, 0.9680398825826592, 0.9716466275673339, 0.9706834531363162, 0.9734952376541479, 0.9776642832010152, 0.9794630727954416, 0.9774861225868736, 0.980502215843627, 0.9821112299098649, 0.9843486470883119, 0.9822154930849981, 0.9816038565262736, 0.985014462604203, 0.9851509169493308, 0.9855509889858395, 0.9839786161257568, 0.98609124482011, 0.9868020108958196, 0.9865548151165413, 0.987351408883846, 0.9879317696534056, 0.9888460116679442, 0.9901648590018629]
train_kt_acc_every: [0.23987430167597765, 0.40118715083798884, 0.47067039106145253, 0.5104748603351955, 0.5069832402234636, 0.5345670391061452, 0.5865921787709497, 0.6159217877094972, 0.5806564245810056, 0.6309357541899442, 0.6421089385474861, 0.6861033519553073, 0.6501396648044693, 0.6456005586592178, 0.6927374301675978, 0.693086592178771, 0.7018156424581006, 0.6707402234636871, 0.7143854748603352, 0.7238128491620112, 0.7203212290502793, 0.7283519553072626, 0.7430167597765364, 0.763268156424581, 0.7800279329608939]
train_kt_acc_right: [0.9639524777508315, 0.9589453625945406, 0.9738384748304356, 0.9654131212048025, 0.9725243958680989, 0.97032471209265, 0.9776694974419791, 0.9770094978742759, 0.982059528707792, 0.9781460715405768, 0.9811402246272763, 0.9854890064820231, 0.9836189833433269, 0.982741180744917, 0.9863549767259779, 0.9815458095939465, 0.9877440506519553, 0.9846805344080792, 0.9881200797065011, 0.9874761174510978, 0.9879713937556943, 0.9852958225005166, 0.9913964065093568, 0.9891845687141632, 0.9904128356352865]
train_kt_acc_wrong: [0.8221530301610851, 0.9275004653957303, 0.9243739447114188, 0.9542714344056625, 0.9373089388096133, 0.9544230592983395, 0.9565394014619583, 0.963435996511129, 0.9466712265041287, 0.9669753699329312, 0.9663314835985279, 0.9662426047484968, 0.9620961447001836, 0.9613294611430035, 0.9684844170202757, 0.9768568284018746, 0.9669371989852223, 0.9659728810773881, 0.9701654814475076, 0.9731820508754453, 0.9709418016439043, 0.9791484851410935, 0.9693934987377189, 0.97864493045061, 0.980104830344962]
test_kt_acc_single: [0.9321190662021879, 0.958208346668678, 0.9645236873928504, 0.9684878949877582, 0.9683633122263076, 0.9703920830654192, 0.9738059338135056, 0.975518186635609, 0.9737731308876714, 0.9767011902000331, 0.9772285562527331, 0.9803232912775837, 0.9771502847912945, 0.9762311872047714, 0.9802459946161584, 0.9796029480197762, 0.98090806792054, 0.9778906944431837, 0.9794484241099297, 0.9803732354429704, 0.9803251050695588, 0.9809769814527487, 0.9814272439932521, 0.9825458820862106, 0.9844162969649592]
test_kt_acc_every: [0.2231012658227848, 0.3662974683544304, 0.435126582278481, 0.46914556962025317, 0.48813291139240506, 0.5, 0.5371835443037974, 0.557753164556962, 0.5387658227848101, 0.5593354430379747, 0.5822784810126582, 0.6265822784810127, 0.5759493670886076, 0.5593354430379747, 0.6257911392405063, 0.5996835443037974, 0.6170886075949367, 0.564873417721519, 0.5909810126582279, 0.6115506329113924, 0.6194620253164557, 0.6162974683544303, 0.6289556962025317, 0.6566455696202531, 0.6795886075949367]
test_kt_acc_right: [0.9620172615292706, 0.9550155899192714, 0.970038626767412, 0.9614759925045545, 0.9708407144003277, 0.9668215543408937, 0.9740680335443231, 0.9752293176288847, 0.9789362157447429, 0.9737775091883503, 0.9762421997287606, 0.981666931623145, 0.9792008113257492, 0.9788584150845492, 0.9818037891689735, 0.9759881375711176, 0.983926608592649, 0.9785642495638207, 0.982370112515703, 0.9824178558361681, 0.9829417006878913, 0.9790627126452289, 0.9858720611922348, 0.9819170983531808, 0.9853757868839216]
test_kt_acc_wrong: [0.8107307990895042, 0.9243852782853043, 0.9229286758205558, 0.9520354286024842, 0.9398415518712394, 0.9531756179242195, 0.9495750484587271, 0.9555274663092215, 0.9415864423860477, 0.9621507487719572, 0.958974527407296, 0.9611734596988822, 0.9528506103950211, 0.9492779517475562, 0.9610747649699827, 0.9701579658291007, 0.9607752621928348, 0.9595664128472533, 0.9584274488159373, 0.962422061570083, 0.9598471884486042, 0.9679087573968912, 0.960433087771452, 0.9699535920650144, 0.9701401636570315]
